13792
8217
12512
27813
18736
596
6050
17301
11776
32654
18065
20534
32415
7246
29194
15371
6390
20679
4657
1576
11558
18523
22934
28367
24131
9722
16087
10098
26181
25668
7577
6679
23356
24983
26142
15664
5865
31977
22562
21071
22554
5812
8426
19176
31248
19424
13567
13898
15157
28601
12655
27491
25893
17709
26364
10853
6297
520
28101
21153
15113
13480
11478
20153
4853
21749
14863
2755
7668
7377
25736
5432
6196
32296
14814
2413
31753
8849
23562
17063
21777
26736
22756
2224
16804
26711
24283
3644
13713
16451
9067
9786
17481
20776
32735
22262
17222
23679
21909
16390
9988
24306
21657
11216
11762
18252
20948
31316
9472
9661
15694
2475
2950
3911
25464
18220
22112
7389
2989
26341
5635
23996
18726
9250
2436
25487
20152
7311
15323
3529
5880
5620
16611
3424
570
32627
2294
13983
5446
26627
27857
11264
24720
15898
17161
5359
21396
30764
17512
19162
14049
5340
4898
31644
19426
2709
6184
3626
22431
1018
19074
2191
2330
11436
29240
28325
20797
14471
6364
25720
4468
223
6634
29958
28135
13592
5534
23635
4687
16008
9047
25457
26766
12726
15683
9083
8622
21992
10609
6254
27200
5532
11082
11977
9398
9066
27673
28595
12351
10515
25059
7763
29111
13292
18914
12883
31819
16508
15086
31462
14229
13478
28182
32418
6031
14024
20259
25756
26864
2062
21740
21020
22128
31291
12574
12792
9419
14183
17331
19088
4683
12808
4105
31695
25348
15689
11460
6818
15375
19404
134
4511
23744
31351
29883
15937
16470
14837
16553
10247
29459
32676
16715
13631
27891
11044
8783
21164
24156
1076
27026
10440
15284
22067
24950
683
27954
10513
26990
20997
25990
14845
6911
1966
1741
7618
23765
12049
22332
18378
6474
24225
1817
5035
22719
23586
25415
28183
7289
25602
12900
30846
6135
21970
7846
7844
16890
24275
18045
7797
27071
8776
24250
11801
13969
12976
18839
20268
3715
2011
18346
534
25287
14116
24883
15607
21648
2098
24192
13231
20061
19103
15854
11080
11548
17474
1042
25445
29145
31591
14621
15027
17581
4495
2475
24021
29594
25893
26516
30366
30335
5797
7395
2938
3038
4521
24372
27440
17764
25677
25201
21718
21474
12878
3360
433
19950
24958
29643
26525
18897
30509
20893
28564
9342
15645
22636
31804
22968
18097
17510
15157
12351
7780
15665
9633
16296
14498
15133
32678
28349
15753
27266
31915
24613
25083
17854
21494
5112
11744
5751
29589
22130
16739
14323
23164
28446
17755
5616
27742
24430
10733
14191
580
9109
31538
18420
1590
15265
26892
27357
17257
25686
8294
4705
24100
25485
7771
13393
13047
20174
15171
6492
6113
23384
1963
6304
7032
25375
24041
7488
23938
10008
19095
1248
3516
22654
27919
29445
14793
95
10810
10550
23313
2881
17765
8822
17515
32572
15273
31870
3911
16270
22992
28334
27369
1122
28926
26426
25915
6390
26690
16072
29962
6720
8305
5389
20312
7614
31885
8763
30976
12517
28498
17565
17627
12785
28706
19190
21304
4855
30628
21111
19623
20460
14305
14805
9736
2160
6348
23983
13003
28878
12334
2839
21114
3472
13221
9354
12710
32613
27294
5209
16889
28209
16468
3908
3284
2472
6093
20548
27029
9800
31342
27933
21900
26503
4803
23815
5960
14035
30274
32373
2034
17170
14837
8570
20505
3487
27056
29965
27600
9725
53
29019
28576
1760
25317
27851
25080
16713
19252
23616
32050
26311
3082
20383
3344
29573
11223
22383
29558
11046
16329
25055
5925
30213
23483
3337
11387
30582
14660
4138
21486
1051
11358
12035
19560
16012
24877
26182
5091
11502
31415
4393
5663
22321
23575
15323
2083
11061
17524
14856
24798
32350
18190
26986
1856
3542
1747
29660
21667
16199
27397
23864
5574
31534
13833
28827
14048
22418
4069
31593
21402
18676
23952
7759
1129
8657
25427
14985
29742
21571
17250
14675
2770
1614
31422
18324
30110
6530
17447
10592
24409
12638
30582
7912
841
7515
3064
924
28261
11541
13440
32229
25957
19927
17788
21198
6889
31100
5593
27338
5832
20890
11952
32628
17459
15937
8714
24890
14405
1741
23681
4458
14463
16993
4751
19356
32388
30239
9836
3218
14829
31240
22117
5505
13188
21663
17265
17693
21533
23090
7577
10312
3923
20972
2155
9037
10661
9242
24284
5106
28051
22064
10302
28784
18470
20642
28914
21517
29668
2033
23359
22000
1709
22114
3494
25311
6501
2696
5472
1349
22912
10300
2312
25903
19965
11625
30195
25266
31619
5932
32359
3410
4868
17381
27925
28352
13009
4578
31312
32389
15986
14984
11003
2854
27242
32401
18022
5633
24604
11950
9927
50
30531
17273
29020
16178
12413
4764
4080
16729
19173
1478
30435
18816
15013
28358
10207
19255
25665
88
8015
28031
7465
9000
32543
14031
3820
4571
20606
17435
17718
25568
4760
28800
9697
23484
1376
8540
12056
15020
21144
9061
30920
22324
4843
21420
4184
15393
23305
11656
13611
21619
22897
20301
5596
13575
3638
3334
11936
5476
9087
26419
7608
12431
18146
3986
5006
8331
19375
31434
2149
6867
1046
11765
20878
24054
26671
17364
29690
19915
10784
8493
28454
14452
17060
11455
13142
4645
31057
28218
612
22374
23881
17763
12832
26423
29926
567
19880
29359
11163
24237
24972
28326
25403
21772
15770
23848
18792
746
8039
22430
15238
31472
26325
28726
30065
17702
24138
21057
24386
25272
27402
28103
16777
12344
23424
19784
15410
10556
4141
7111
20346
2419
28416
31246
16581
31829
17346
17191
4048
29197
16639
9007
7800
1346
8487
16912
7097
9033
32546
15851
374
29196
3060
26176
10248
420
16210
31455
28395
11916
6491
2483
19080
27583
5389
20910
22893
3990
7951
29528
14094
14109
3030
22493
31506
10976
1081
7565
14681
16994
20818
29772
1340
18117
21594
26968
1470
2495
31798
24162
14117
13307
17772
8816
9595
2339
29987
28565
18092
1163
649
14976
2614
22956
18819
8065
1667
3975
5325
31449
23687
6627
9602
22857
5837
31338
30728
4316
30843
28777
14308
11786
14117
20352
2388
4421
20853
21352
29865
8280
12477
26538
14232
4792
2785
22752
583
25650
1342
3323
14140
17679
18443
18018
959
30375
30014
15967
25967
15651
19545
7819
9515
25129
12280
7597
32194
27432
28276
15675
9339
23150
7499
28982
6501
5289
12041
15913
21780
2885
29615
5670
12466
3379
12728
22655
19988
1557
10682
15455
19536
14114
16328
12069
23084
2044
28641
17967
20937
20990
14102
28563
15902
32491
3967
27280
27478
17405
15502
25035
31169
8409
21429
23062
23207
31438
9356
28535
10271
22030
5106
26896
214
31282
17192
25635
7645
9904
12382
1292
30571
30997
18773
29178
4763
22202
16166
13499
3929
16109
15720
9376
24949
9601
10893
7932
27012
13476
25984
19786
15307
26645
25978
29617
11549
24997
19472
15441
26754
24007
5924
28492
4475
14448
21843
28648
12562
15467
29712
22218
27887
16802
16536
24998
7833
19805
20328
8235
9494
23440
20334
17395
263
31809
19220
3643
4256
2789
24849
15664
18722
26152
6069
30622
14220
22312
14713
9674
1096
23018
20361
20677
30605
6220
21049
21886
15829
11135
29882
22510
1317
21966
28152
32061
25800
32281
32527
12225
11587
3924
26543
8686
14884
21170
18601
15076
2135
7527
11459
23643
21262
22786
11432
28783
15805
10526
6000
6121
27627
16915
22750
14872
15784
23669
9969
30221
23824
14166
29858
1671
13809
31533
20503
12663
13204
5622
7551
6830
1754
26409
19288
29980
16306
22644
10658
2729
16664
31173
21758
10272
14428
1320
14556
16412
3032
24431
12351
6889
26252
991
1666
4741
6476
16289
8923
13143
29435
28310
16687
19181
14071
10470
32057
10169
13431
1800
6691
18331
5208
2319
9283
22838
32412
8733
1307
9334
5464
18698
22491
28131
18367
21918
6865
24105
2243
22628
11626
1366
16393
15736
405
27480
15577
21191
17660
1102
15356
9599
28664
10489
3522
6952
7939
9682
15523
32504
17244
2511
3910
21358
29169
16290
25932
19373
15197
17605
10057
5051
6571
20994
31970
17057
30430
19811
19478
9409
31682
14790
32562
6831
23690
17961
10352
12001
25296
10567
5228
16234
19080
21185
21252
32641
7797
29065
1369
2324
30980
30988
21014
16481
6673
25360
23804
25790
14775
7453
23536
15039
2441
26910
5069
13161
4028
30995
6207
26961
6536
22774
31334
23640
15058
32279
15975
9824
23942
18430
13856
19914
7280
1545
9610
12924
31113
11259
1327
5483
16629
4866
30354
20358
23013
30070
6025
5000
28095
16395
7326
18945
11834
29579
17227
2953
30781
6237
27078
23539
17973
14395
6444
18664
16900
11534
25933
31837
21398
13366
19411
17254
15978
20592
24169
18026
13422
25783
21981
21960
6747
6650
27127
799
29981
16511
13528
10894
12972
25026
3256
19517
18595
1071
24996
17123
18166
270
11832
10234
16054
27316
27135
20433
27670
12287
16033
6183
17458
172
9776
24989
24139
6682
2741
8743
30165
8265
11301
2059
29799
975
3790
3643
19312
29660
11191
6751
29370
11917
8044
26089
25922
16551
9294
22825
3680
5354
15965
28179
25410
12997
7956
30638
7314
10236
10212
4732
16116
24926
15317
4130
17287
31766
22533
772
32110
4539
17007
3861
12549
4899
24217
12973
28961
2955
21002
8905
19526
11376
335
7753
10709
24464
31827
14992
24029
6943
16385
10442
25582
25206
27654
2469
23447
4352
21325
20216
8185
7738
30712
25565
31132
7853
583
632
19599
14550
406
31440
11536
22427
15554
25123
784
25583
13380
21124
17563
32130
13839
1793
3098
26472
31584
17247
28930
391
15353
18189
26052
30917
23644
11881
31247
16233
10073
16127
28834
25971
15801
25041
17745
7977
14128
26383
22468
22814
16979
7837
22558
27792
23567
13832
2789
9666
26426
13283
32017
17808
23929
8460
19300
4556
4320
3820
6003
23470
21696
9021
28668
24543
4409
836
503
7349
3306
28939
7813
23131
27142
16504
11723
28922
15847
4156
21323
9297
101
28161
5981
6195
17286
31390
16196
29736
3087
25319
30631
1933
29891
16462
10436
1721
5765
25545
10928
5587
8932
24329
1679
21768
7160
31734
17254
25205
1461
22291
11570
15758
25835
6609
28409
11279
16006
2506
2131
28509
17348
28467
30641
25243
15913
28988
16169
20527
17870
27220
4047
5071
8056
3674
7730
7270
19717
21510
18540
1860
14428
29729
14417
2053
7778
3532
17571
24032
32762
5457
5503
22524
24980
12787
18891
14294
28967
26874
6392
28312
13382
13256
7464
8076
19909
18668
29629
22869
24244
12446
30319
10499
2103
25277
4721
22841
105
1428
5221
28172
9046
26929
9648
20073
16554
20378
3376
3155
22333
23524
31320
6310
26422
7704
7979
9035
4801
13655
7068
13275
12312
12736
16756
5143
23787
3100
7533
29806
22826
29986
30806
23559
16119
11840
19699
20294
31119
11470
5115
25782
12358
4627
9660
13434
18008
12529
14896
15587
22471
6780
1687
22124
474
31231
24230
6405
30155
15551
15741
5635
339
7624
290
11245
26753
19644
2417
9473
27222
26622
26260
16664
26784
13668
6078
13321
6482
29583
30358
19192
4143
4293
9591
30136
7035
3671
3961
4525
24572
29866
32442
23197
20698
1223
32443
2404
25957
11253
9091
30517
31289
7382
27498
5224
5571
1808
31861
2888
30862
21071
23712
1393
22488
13135
27769
17879
9218
26206
14970
9320
3047
3036
14946
4040
26740
14186
9538
5870
6787
5887
2215
28437
15563
19653
20749
16924
470
9896
18755
16261
24648
10227
26250
8417
14303
19727
3883
25496
16257
29149
336
7923
23781
23733
18054
6670
7276
13582
32610
32201
10607
2963
7867
4674
30262
13173
8404
26727
26232
4400
11113
18180
13460
9369
16129
11327
7874
29355
21134
27820
14503
30870
7721
29934
14165
26537
1310
29712
9821
10492
6198
23470
1223
30083
13142
30227
24238
7910
993
32289
28037
7177
9712
31804
8249
21780
10397
5123
16328
11240
6890
4913
3883
828
19613
9702
11229
31514
21833
10450
23418
24307
16166
26695
23636
21232
28964
14542
3561
3254
4487
1184
31129
12595
28038
25399
29081
10893
3865
16806
24984
13902
4472
8086
7349
13467
27206
27558
15354
7708
13386
12768
21822
8908
191
13387
24526
18158
830
11821
14962
19722
8072
2386
11351
24161
23530
13607
21037
14564
3469
8702
29238
17650
30921
21933
12934
18571
12722
20195
24503
9405
32384
623
17728
32385
1117
32045
11813
4243
782
20508
12717
18540
13197
4159
15410
1892
17030
11651
30110
29041
18183
808
16448
14873
1770
5443
28146
12524
31689
3643
30414
24776
20971
2928
17378
11836
4777
27843
7596
8392
5946
897
7399
20696
26817
5875
26451
27084
2368
2504
1615
28838
16960
21081
22435
10639
21085
5383
3262
15000
7473
22123
11322
15117
23862
13911
6606
15058
23501
2289
20900
25319
8317
21268
32431
5487
21931
10065
22685
6029
22953
29896
7828
9925
5478
1564
12972
16357
9657
18001
11445
14650
31283
20094
17017
12656
9830
4632
10388
11901
23180
5443
27018
10947
25033
21195
6912
11180
4725
12933
21514
20780
28127
27098
17325
11847
6837
30958
28012
30874
11711
12257
10972
30524
1540
259
8861
31390
764
24948
9767
23398
10815
4392
32751
8900
32512
424
3695
16444
16000
4254
29029
4523
1772
1902
767
10004
3017
2025
18249
11077
6776
6967
10097
14390
5312
29035
27555
21266
21625
29130
23587
13963
24745
5906
14563
29052
3782
18219
23448
32270
5453
22554
26683
19085
12542
14074
3162
18163
1303
30914
5670
15605
1750
19759
19121
29243
15896
14564
29369
16894
1847
3662
27832
2876
16651
23285
13631
11940
21273
8934
17867
12835
6477
20271
2145
31518
20243
22142
8854
1903
32395
29434
14393
31700
7759
3494
17911
24443
6204
16911
13428
18517
10698
4111
25611
8884
26603
7436
32628
3507
24379
13623
24247
3660
24527
26887
20310
25586
20318
14797
10380
13043
10420
1289
21373
5963
11481
26187
7231
30767
12857
13082
9434
15250
10321
25873
28577
32137
25984
11876
24735
23691
26192
23997
13657
4144
2418
29094
32251
25428
25297
19720
15068
13354
3368
29811
13917
13301
23143
22471
12014
28646
14429
25183
620
20717
18974
30158
31642
10237
18405
16949
19201
31271
22101
3499
22514
428
11133
10083
7893
21022
20954
17121
11349
30617
7908
16495
6542
9259
28200
16614
4609
7557
27203
18641
28720
4652
7352
1437
9550
24477
13329
32192
26953
23835
4788
27299
15344
5482
14080
4809
22376
12310
25677
22449
8127
16342
31067
7819
20831
32303
30325
2571
28967
25858
23947
30299
17426
24681
11987
2392
5825
4728
10237
4643
1204
27652
10734
5872
12437
19694
4870
15251
13054
18936
7227
3091
6321
14601
17257
4604
1822
20416
19690
10233
26004
1553
31589
4720
3312
32548
8015
13190
26459
20120
558
19992
10396
30177
32108
25000
15949
1504
15125
10590
12295
32283
25114
6541
10965
11180
25290
2638
7957
4816
13927
28445
25628
24478
23811
5100
25514
13414
2211
9316
26276
14089
3004
15389
19033
8731
17569
13583
10235
28583
19402
14126
16154
2396
3872
25927
1526
13242
16848
25545
32387
24828
15332
17505
7206
30910
15473
3281
18590
17916
16548
6032
3840
3179
6084
21996
769
16659
18897
5590
22243
29305
17535
2472
30239
15817
20171
1424
3883
30487
18878
12454
8551
20720
4043
30599
20332
14312
23384
98
20133
18373
15431
31463
1531
24423
5833
21559
24155
6020
15824
32091
9649
27254
5563
18922
2667
31640
3171
2178
3234
30382
20354
1143
4942
14276
12678
21372
27927
30049
19619
31522
29734
22923
25233
5808
25390
28904
28066
32753
24230
19877
26497
29962
26398
26060
25393
2777
12123
15516
3564
4405
29651
4161
32762
7967
27390
15137
766
5810
2995
27520
24799
2488
4158
19250
14060
8171
22102
13206
30646
24247
19697
10921
3493
5120
15711
9080
7333
30568
4217
17405
18419
9666
906
2025
2839
12079
1645
30172
26082
17409
16440
6947
27746
12523
12289
5512
18201
1225
26409
16741
31056
19804
30863
25431
22793
31936
13641
11350
18277
31124
22401
27791
12142
1126
12265
10517
14124
17787
18371
2565
7811
10563
32202
15437
6860
20422
608
9704
29560
10530
3425
12679
3864
29618
16494
4295
7378
17592
28888
26586
13336
24425
25786
25521
14689
24840
12291
13592
23536
1660
31143
15872
30790
11284
1364
23895
9900
23770
16399
23618
32622
26331
12398
2592
21278
21240
22207
1867
1599
9546
9188
30201
22216
29247
15111
17362
9439
18968
5150
31885
3393
12479
16528
9201
8908
17951
3948
7519
4852
10464
4453
25211
3855
6881
9719
10000
16276
8688
23197
24042
24429
2513
3755
11142
5157
876
15678
27213
27944
21055
14526
21706
25389
22069
16879
24875
8399
30259
26190
28726
1082
19147
22563
11764
9240
21221
2653
21308
22871
236
19975
25009
9240
26583
29247
11747
30951
25861
27589
8090
2106
31381
9073
22095
14619
16270
16703
14921
29396
2061
12257
20721
24675
11103
24937
30287
30154
13139
5341
7446
32397
18658
23584
30258
7261
26256
23747
20248
12543
793
21001
27888
2777
30660
11621
29928
16286
28618
4478
17674
14225
14079
29531
22096
30026
15709
12245
32138
8266
32495
27598
17517
18732
3230
17657
12874
14854
18859
6366
22646
29086
11751
15867
9154
22609
26856
20175
17488
7223
13396
4365
1610
20408
13275
14851
8868
8050
22766
23305
20675
25340
16014
20659
11945
6002
9748
10909
18997
1753
23895
23210
19980
16877
30751
14148
15058
4384
21357
29175
5359
7995
23486
22772
21234
27302
23986
2935
29791
16053
329
65
5967
12554
20876
185
32556
13362
29699
19414
31511
24126
22731
16045
27385
3757
1913
9177
28729
17789
18523
10328
15538
9040
30150
25895
23856
5956
4320
15405
8062
8995
23439
19587
14897
7931
30765
18192
13053
28512
12006
9136
27337
17130
27132
174
31061
12742
22119
27630
5160
4188
10021
2669
6371
20042
13875
26046
6610
30447
5400
1523
31262
28995
22169
29819
22457
2584
19076
2169
8113
13178
20123
30404
15898
4486
11190
21429
9093
16803
7487
11733
8232
27988
18722
17128
2994
5054
8716
13266
23494
21187
6929
15270
24373
4785
23527
15124
12737
5182
22325
18522
25441
15306
19263
12758
3748
3557
30144
22395
30654
9544
30010
9253
17862
14296
11380
23757
22899
20164
11638
14408
1368
483
12619
8368
24413
30798
4476
13457
12260
8351
26207
29133
11030
30524
4372
14504
18920
19268
2285
6832
17896
27768
2806
22603
5799
12281
20391
21359
14551
6486
15682
30793
25247
16858
28419
4578
5913
9639
23322
698
7534
8518
18065
10658
25675
22881
31351
29217
11541
24170
19602
598
24172
16700
16849
11378
27426
30258
15775
1435
30208
10392
162
13823
11769
28290
28414
8141
7506
13441
19649
7442
24838
10187
7092
30487
25125
25363
22313
15781
7342
16470
19412
21804
15636
3538
25120
23210
5015
14736
16686
15506
22905
3131
402
7680
28795
24350
23888
25397
795
7991
1704
23331
2522
16923
26154
3472
19312
28927
2208
1300
24260
31950
9557
19053
11276
5156
11280
8821
1577
16419
27061
3543
13828
27102
21393
23903
5562
3806
29674
14316
23954
30381
10267
16005
11410
2694
20979
11633
27190
2438
15761
10317
24785
19563
14163
22606
30908
12319
31844
12711
31260
5566
3813
141
5681
31323
32668
8690
19528
27015
22512
18368
25256
27329
119
23905
9051
19730
30663
13436
27833
20455
22524
5025
25265
530
23405
24253
19569
18497
8875
15497
13954
28073
10037
19694
10637
31191
28034
21449
23333
5378
21311
13302
25513
24320
21420
23250
21391
15050
1740
8872
28592
25121
20116
27548
28180
7965
3845
14161
22801
28312
21352
24673
3759
20653
24793
23080
22945
9584
2355
8025
890
16261
19369
25200
28825
25974
20086
5603
32078
31891
16358
1781
13272
6795
5290
6238
25132
5136
29238
17834
15920
2512
29281
19250
14803
22271
17852
5349
9212
2741
20485
28573
8033
8953
22699
5528
30545
1328
30368
12442
23252
12195
12849
29268
12278
14726
3129
24651
22421
12206
7493
28397
9256
22861
14505
13558
1337
30517
3963
3334
21142
12723
28023
26120
23585
18727
5505
5663
14736
4696
31176
16872
30683
16602
26562
27670
27345
17475
22711
7752
15155
634
8834
13303
1649
31839
25987
20290
16508
29382
5681
30525
30383
20166
13904
4971
24317
18358
12310
29690
27738
18008
19889
15696
12699
15090
8346
17194
18123
2509
4291
21423
21926
28908
32436
8454
7796
1431
6083
14706
16642
27898
20251
27264
14391
18288
18240
4648
16632
28350
5346
9023
9983
12445
24375
5193
3785
14979
8570
29131
16395
12333
17765
4076
7506
17090
27287
14959
1228
12384
2698
9807
12597
15275
27550
26745
2589
16374
7653
21602
1339
6812
17525
3042
15570
21198
14759
21729
24199
12444
12780
21370
26837
23573
31669
16033
31260
31394
18660
24524
2532
24697
5770
23518
19202
32068
11408
5596
3259
31392
31340
32263
2658
2694
31770
12189
25456
2761
6027
11686
11430
31964
19987
18169
6810
616
1869
29748
21792
4959
6082
30372
29631
29019
32135
31661
23769
17607
23655
3576
15840
28089
1629
31267
22420
482
8757
7320
31843
28841
18583
722
17800
20262
31626
20016
3484
17850
5797
9135
8671
20452
14302
17170
29878
13637
30170
11062
9846
21718
26253
19545
27608
2610
18062
10812
294
14358
9318
15543
20135
7115
20825
13723
29471
16480
14262
25867
19470
8771
30352
32048
27686
29745
18139
896
4704
15868
17512
11703
10348
24122
17408
20226
26562
24879
16976
18210
26803
27687
5219
32494
24340
13441
26667
13446
30946
8814
19873
23261
21363
8809
31467
29050
12267
16999
15707
5186
11592
27676
18952
17514
29557
21936
2448
2501
22003
6180
15460
8117
24199
1519
9018
4737
27900
28426
25626
10006
30072
19692
11817
18136
3030
14156
1034
14268
22874
30098
27577
19388
20520
10339
16373
7830
31896
11903
27300
25093
16227
7215
2642
14986
11392
14653
13152
14313
4210
26075
11194
1445
4727
16946
19871
21879
21725
26152
15586
13687
23355
20109
10837
1261
30419
5548
31397
21669
30616
19709
25005
6735
29195
22754
18684
26053
3172
23079
30447
29628
9291
22451
12241
14970
19065
27689
5924
26403
9172
30712
18792
30224
5241
26017
11144
19275
20282
14531
2438
8267
31739
24480
12837
7894
28205
32765
32286
29553
31137
4653
14699
14542
13219
3262
18381
6670
20389
3508
30440
23769
25420
10019
2025
15861
24999
16300
4409
15646
10932
6765
1741
23195
21411
8442
7509
26251
30708
3272
30949
9072
6694
17798
15341
7006
15818
4420
22914
19449
22148
5175
27507
18701
2396
26045
13702
30779
12881
30702
3413
26604
31824
30551
6767
17624
15215
31171
6815
29900
23958
756
23662
8497
29887
29500
24561
17757
27941
2585
10389
28243
14672
17533
20390
115
24415
28193
264
30231
12011
2562
896
17294
16050
28939
15315
27363
22779
10549
25428
14409
24574
5163
2959
12094
8263
7876
26444
4150
18455
26328
17626
6473
21476
2336
25993
22927
8748
25314
24791
9979
6141
17723
19295
28794
15583
19708
17730
17037
11997
11523
26612
25189
2233
11870
19455
19628
12801
26551
9988
27078
25292
2003
22434
18702
31532
8317
13213
26705
86
3738
10276
11191
15375
26492
24176
6323
22101
15152
7067
2418
24525
9447
14881
25097
17559
6904
18255
11576
10998
15663
16732
30082
16006
23423
5308
14254
19389
11083
9328
2164
10051
20040
25696
1122
20676
10955
4670
30869
1436
12544
26483
32356
10389
4409
3023
27803
29264
6981
14765
9382
13532
2301
29231
20594
32142
4702
13491
6318
20521
16168
30127
13649
10695
22905
14373
8437
8261
15923
24130
15379
22109
32041
17442
31089
18043
11083
17775
15893
16649
22856
15947
3961
6605
5979
24645
30279
9057
9930
7869
21005
22808
27708
954
4600
13206
31577
17192
20240
3540
2901
22269
19347
26129
8780
1360
789
24503
8641
26247
9135
32097
17839
23559
11833
23341
31411
11458
7143
25928
22987
17256
15790
640
31118
15111
8034
16133
27193
4770
15493
30920
4147
15295
17283
2425
28176
31258
28392
8700
8146
8557
21580
32040
3638
18265
2587
12780
12496
6121
28416
8324
5839
16449
28316
24684
21349
29564
13868
23166
28652
10912
13237
27589
22832
23040
31135
4090
30556
31701
2925
27304
1529
14452
15190
30735
20357
26406
23370
4999
4258
18992
26449
11492
8876
26268
317
13083
19755
23850
2190
7003
3108
30971
31479
13174
3955
7125
34
12065
14945
24676
10970
1850
4544
16547
2773
13506
10951
3881
22602
16512
6963
23732
16290
14707
6299
1410
21077
327
17337
22082
11175
16636
24286
16390
7196
4781
17644
12638
27319
21928
19696
769
31581
2572
3350
32524
5350
31633
7693
21273
20147
4446
25982
31370
15314
15715
5234
6692
3051
13843
9487
12940
21647
3284
32258
12578
573
10657
21063
24473
12254
1
11488
16005
11102
2852
16591
10408
6033
21662
301
16180
9859
6651
25090
15255
23011
32077
26128
13293
16845
27330
5434
14798
3438
18656
13516
27028
27727
29635
3549
18095
24306
22229
18799
5224
20674
31446
19416
18705
10496
21289
3305
7736
28207
3658
8807
15733
32147
4945
15200
9753
20387
32635
8832
29222
7124
15369
20683
20382
8919
3817
26456
32621
10539
31738
907
25659
23443
26871
19810
21863
22532
28105
10160
14402
16766
19591
19000
31451
14004
9438
27803
17109
3910
24750
18580
30457
18338
5922
21770
20128
13942
2309
6604
12643
15021
4326
18733
21984
1054
7729
27835
3317
21505
26223
7407
17924
29267
7564
16332
19363
24270
16333
20836
30790
8867
22587
30169
3853
23776
21437
28016
5649
5023
15003
3034
13707
27948
28282
15442
27001
19660
18429
27051
9132
25694
7539
11550
9973
1433
13810
30887
19555
13073
21893
23819
28596
9074
30607
1095
21900
24518
27629
4256
24660
22035
20371
20429
4437
5676
5827
21588
32224
16267
3759
18550
18434
778
14363
17942
23841
13038
21357
24481
107
79
29030
5067
13701
14031
29740
20252
10234
31251
28350
8399
22405
25173
18170
5126
30407
3502
28731
18175
26573
1339
9776
14827
12449
19751
2764
28858
6159
31615
25423
8328
15392
3549
21860
23972
9198
15416
13619
3270
27655
23103
19173
27005
23893
3214
13570
29896
20086
26784
11536
1311
2612
3298
16962
3158
24298
11673
8390
15936
7487
21553
14257
6957
18211
1611
1032
9496
24474
28751
1717
15363
14916
1253
1927
192
21949
29666
5457
11534
6069
31555
23405
21880
19663
24072
19492
6635
22528
3027
17173
21855
23159
32404
21782
21546
11398
14113
15706
21176
28915
12990
20290
15451
8839
9672
14772
19837
28900
8236
24419
19345
2313
11509
16703
8161
271
29691
16094
26569
31366
18092
2710
8699
1551
27263
22489
31774
3807
10304
12331
17995
5498
9507
4527
2718
16356
22341
17332
23949
22801
26919
13079
23725
3883
14691
25924
5378
23244
12212
27926
16750
5694
2471
7102
19082
10221
5799
25552
11014
27317
22815
22164
22891
2691
29970
11223
20625
15957
5158
27535
15883
28353
14172
9871
4117
14159
3400
24281
26358
20787
1861
13212
7005
1090
24172
9458
19878
22543
29482
11182
143
31330
30346
21308
4099
11970
2221
26558
16237
12761
19587
29493
5340
19732
30051
4764
17422
15931
4794
12243
31065
13036
24272
5402
1642
16554
22107
18169
20904
7683
24606
14874
14151
73
12471
18566
10915
28723
21001
21289
15712
22383
28986
27976
6615
19684
28764
6294
24802
16054
20374
17422
23238
30120
12072
21136
8609
18505
376
20086
19632
10697
30653
22736
21723
1801
23605
25366
5555
22340
5505
13422
23408
32424
32146
18967
8068
9263
23644
4694
7616
18883
6290
17406
30483
32053
24866
13432
16516
12891
6377
2794
23879
18291
24807
31706
19614
29543
19185
15399
26103
12980
26229
8579
2920
27478
23636
30249
10602
32668
32682
6861
20059
18664
19896
23740
3094
23696
22316
28860
26505
6600
23893
27016
28254
9328
5665
9357
25378
570
6511
17794
28354
12841
9978
11955
29354
3769
8087
16956
17732
20013
25975
7945
11485
27183
21435
30196
1056
17432
4286
19404
8729
26661
4426
10861
32336
20330
4049
31311
23915
27008
21125
23110
16544
1477
4197
6412
18002
20041
605
3322
32099
31203
26291
2123
28491
9687
20034
4133
11036
5936
22423
15780
29580
18240
26723
9913
24187
30106
9787
25546
17899
6681
9066
56
32523
27951
4010
27868
16472
23445
27410
6133
3406
12600
17779
105
21452
2215
1193
2978
284
25587
13734
456
14146
10500
10071
6551
8838
27865
19606
14566
20458
2383
16851
12340
14871
8399
2889
2447
17487
13848
17209
4385
25533
637
13678
14964
11526
3743
10575
22636
13275
25515
3843
13697
28977
18355
27165
5596
14629
30691
10608
3174
13906
27208
8989
32172
11361
5683
12577
17350
15029
7926
1238
23900
30674
18331
20807
29723
6239
638
22099
22175
21374
6723
24752
10718
460
10
32192
968
20766
8445
4268
3858
3806
26872
5503
21804
29094
22979
21401
15536
31301
21701
22811
8148
20339
30471
19891
13307
23678
773
19028
19036
30502
16088
5421
14538
26082
5526
10066
16556
6113
32480
8856
972
1252
12136
18467
3083
28369
12113
27460
17695
8127
5471
13071
6433
29634
26917
2663
13176
26671
24897
10965
31838
11627
8940
31841
2688
23770
10254
29363
24887
20706
28414
21883
14502
24993
2734
15512
29404
5398
26764
714
10596
14097
5006
28855
6612
9804
1114
4426
15818
138
27763
8979
19054
6120
12974
11558
1315
4436
31227
23624
23776
654
6520
956
25772
15444
31776
23183
9803
31884
18453
26486
11472
30418
18405
21778
19175
6780
9022
8618
6256
23053
29414
31336
22689
19956
28299
12388
28245
20555
3334
28207
11681
7808
31895
28846
25350
16160
25453
8482
30640
7599
13677
3796
24640
28703
20948
9790
5568
20660
24331
18007
10764
15803
3290
23842
10702
17622
8268
20636
25398
26380
2239
25985
32099
242
26093
2906
28408
28407
12219
10591
10398
20255
13991
32057
11479
18173
698
31850
8078
21882
32069
28344
13824
10722
19205
22116
12292
31659
7602
5895
20788
25328
6790
10211
19798
15787
28886
22218
17747
12719
26593
19009
8714
4653
4934
16709
4316
10282
16814
23639
21217
2994
15712
22222
24598
23060
10500
15226
4722
4970
17783
11563
13342
29342
30933
28012
19013
31570
8192
25757
10282
9428
2935
29151
15516
10188
26707
6888
24091
25748
1570
1134
23772
1032
28943
2352
2246
16293
24316
4511
3135
25429
8214
434
23706
18448
22855
9234
24768
32
16479
126
17318
24826
18888
24505
1256
20780
21395
18681
4035
20945
25621
17765
31241
25217
2943
18715
26079
18433
24570
21471
31229
12710
13887
9677
1414
1818
25421
20651
10980
14543
12303
5084
1848
14277
4894
11443
10536
10077
27807
25480
3829
10857
13941
11750
7159
14133
28948
17188
1271
991
9259
8177
14306
1444
28528
4862
21910
91
31179
18857
24353
11428
16067
22223
27320
31437
23685
4242
3263
28899
17056
4208
8967
11790
11369
14167
31023
2205
24298
15096
20299
10782
13121
20030
21292
15353
32326
583
27808
8262
1748
32353
3666
8273
18045
25386
26552
3732
14699
23009
23076
4321
3390
8522
28150
6139
23775
23553
14316
26079
5611
22678
22541
14966
31588
31430
4240
30958
11771
797
1118
21199
14461
15109
30411
28549
26131
14421
32375
10771
5213
20441
11065
15539
13018
9488
31881
4433
22947
23713
5869
4342
5807
20478
1393
4285
21456
23302
23897
8039
18422
30719
24292
14190
11296
29494
14867
27669
32391
24717
19918
1186
23884
7359
25999
10207
12804
25596
11329
10620
7116
19115
2175
2905
1861
28311
26146
16230
12533
10601
23598
22413
12676
23499
17284
24688
164
18386
32074
25310
7042
18142
11025
19242
28389
3237
23258
20636
14272
19064
24045
18844
5028
29498
21317
7273
28455
24929
4263
13328
19136
32373
16035
9201
761
22281
27655
1203
17295
29150
22482
3906
30354
27682
8528
11351
28283
32026
15242
5620
12827
2511
15477
20183
30145
14900
21839
210
9363
23049
5675
21645
17056
4884
1812
20920
7415
6521
27003
15761
6754
12570
21370
28923
16712
29464
25675
4609
15113
26443
26646
12269
28806
28167
6503
17615
14010
30028
21097
12183
21545
4918
22792
12986
25086
4617
12641
17647
5204
5972
21361
9329
4657
29620
5624
25820
19304
7454
12304
18005
23460
17522
2547
8179
16038
6448
17499
30134
5281
466
9641
206
20340
2531
17929
31177
3119
350
26328
8506
10694
15557
30488
31315
10010
12183
20247
10111
5255
12637
6558
28853
16739
1918
28047
6424
3652
32715
29820
30485
25922
6536
7378
19967
15942
19927
24824
8220
3472
21787
25856
29478
19287
32464
14696
18719
27686
18423
13542
1680
18008
19973
27403
27913
20378
21355
8454
28436
15819
5127
11184
7193
19533
17262
21963
444
30280
27859
14924
25568
23725
20292
6814
13446
29813
30302
23103
18136
3992
24434
25109
24723
5932
3913
19822
12974
16357
6488
19970
20360
18601
848
9498
7371
22904
17135
30931
26214
14277
26686
2995
25168
11541
84
13815
20933
10025
7326
30273
11091
14030
32673
6902
10747
25276
17455
6584
13583
5149
1525
24519
22451
28160
24609
24765
7240
26384
1475
19673
14240
32069
13254
22597
25022
25889
5297
1700
8748
14903
28054
30768
23318
29768
8915
5481
28069
10005
27620
5334
7588
20539
1489
16721
11346
3059
9285
13031
9626
8602
21308
25170
18940
18000
15310
30401
11749
24657
11900
16093
22750
2447
7766
28518
3396
8635
14486
32160
17454
25171
7147
2580
11183
19929
3301
2977
20440
25037
32298
11401
26636
28666
13408
261
14273
20791
5741
3723
31519
8809
5912
24722
20888
28866
13239
9379
24114
12395
4767
16540
18045
19938
16441
30573
11426
25814
30480
16606
17632
19452
27915
2564
10857
381
28112
24466
4411
526
19383
32549
8960
29657
25360
31078
21332
23797
7727
19851
18961
18317
13158
4016
12219
7547
29000
19328
27896
17537
17646
25411
24532
26299
30137
30368
27889
21517
1123
11422
26700
7712
28336
21204
8382
18506
27019
27342
3831
18242
9563
10328
24945
4479
8768
6054
7428
19361
15757
7244
12489
25354
17711
22733
17538
7022
24739
16625
23659
4510
12156
27321
17275
1178
20873
28971
19603
11462
10441
11195
10431
11512
16513
11413
2802
5178
12223
6463
24981
30122
11964
17850
16042
10089
28595
11875
22082
8145
27816
12441
21121
6872
30707
16091
3563
30965
9544
3772
16744
13521
2869
21111
20320
5335
14806
29829
31823
5455
30828
23418
15587
7043
12702
20097
11741
1760
30089
24618
16984
25433
15126
5035
31938
31986
31882
26440
17426
24739
13937
24573
1870
6265
28485
3477
21622
31888
16547
26788
24582
31555
22433
2141
26009
26047
7707
6701
2408
11553
12503
1899
11559
25725
28678
2806
21784
16282
11783
7924
11392
13253
9896
14061
6169
21859
9407
19425
4714
18936
26035
29197
16659
32437
30215
2458
22927
15866
27749
9767
15462
17191
28331
10667
32456
6703
2203
16882
31482
27599
11877
15202
7606
2779
29888
6676
2448
10978
6394
3357
5210
20977
7086
9465
31750
14504
12658
31121
25926
29210
6280
3716
6746
24453
23838
7283
16531
3607
25266
16318
15604
2016
21479
5330
9302
30162
30404
16015
19469
30365
7536
12270
23723
31141
15611
23490
29723
16290
14927
20223
25776
10954
28978
20043
2535
29328
27487
16497
13389
28039
29196
16282
14109
31460
30220
31392
16793
28629
3901
19233
8403
31277
1008
29723
8881
5177
4702
16707
31690
10554
4818
15706
14551
640
3231
23678
26902
13041
31032
21879
20391
9244
22234
7074
7845
19081
1386
765
10226
22424
11350
22190
11094
3098
19133
28073
17463
20228
26856
8497
18406
3611
25287
17390
3884
15745
515
9131
31523
1611
13869
21665
22162
11925
7309
23302
11555
1144
17174
10308
26038
31199
8176
29563
6097
26293
10329
19494
14222
11157
12428
22610
30087
21921
7409
25565
4662
12181
23769
5551
18005
32674
15764
19000
928
23933
20976
19719
1906
10259
11958
13632
19646
19325
11945
4342
17146
25347
30787
1631
20883
1093
6235
17090
13266
536
31351
21409
7377
31251
8110
14915
9270
9630
25449
13003
20194
2264
17551
6595
11153
3517
14900
24341
6323
18727
12545
23118
3093
2187
15126
8857
17790
4409
593
4055
20518
9301
11929
886
19812
19758
26900
5773
4715
28552
26644
15430
32176
30026
20970
22157
27083
18334
13813
13845
17705
26656
1640
3758
8868
6700
30003
14757
30431
27903
14073
13479
28929
14320
4072
18509
22763
3806
6735
12625
22108
548
5909
4386
15652
9961
14803
26359
8309
15470
23960
26206
22966
32725
28582
30046
13207
9418
644
2760
28162
5866
29599
12391
30265
2031
28603
25970
20378
15330
20200
14102
5127
30535
11318
670
25991
7469
24784
20372
13404
30721
28642
19454
31423
4700
20981
17776
24402
5229
30048
21027
26512
10882
17024
29954
30535
14716
18008
22910
7753
6985
25513
7450
30961
8840
15240
9428
12582
12042
27781
31574
1803
5250
7708
21309
3094
30294
7347
690
32248
30127
31304
1358
23929
28787
13396
27837
1155
31215
23244
18627
25824
29390
9705
4522
1437
32177
7443
8583
29614
29173
21199
7520
20881
1932
4324
27258
23906
14551
28202
20839
9693
4220
5933
14023
25707
6223
3000
30388
5654
22660
32430
6176
27422
21764
18385
9449
31815
4602
3534
22076
30753
27864
28828
793
16279
12875
7806
12304
25227
23121
29621
21420
4237
6116
663
29279
27635
25082
16899
26356
11397
14986
15676
25674
13136
3016
31998
15504
24538
1800
13217
8171
14308
10906
23970
26500
1801
4446
10845
130
28746
27256
24797
18878
2029
31729
22758
21775
29088
20001
14705
24637
8622
12443
22001
30817
11753
25595
28452
3482
853
2039
28696
10273
10487
2240
9969
14485
22054
25108
30469
26361
30241
11070
23756
32262
26501
24633
2902
5028
15102
28680
4752
25032
20100
4031
9288
26121
5294
11914
32009
27581
23458
966
14104
30821
14238
9851
25867
17473
26219
8859
17886
3029
16856
8900
3955
10435
825
12931
32381
7833
7445
2947
18643
2476
1582
721
18668
31178
12654
26005
10780
14258
4335
16458
10229
12417
21483
30189
28443
25241
31555
10955
26101
20114
8917
12100
6191
25751
7510
23349
17386
26442
19237
663
30476
32206
16295
11068
17822
19958
28540
10329
29858
27592
16915
23221
11420
10473
28916
21924
10391
20782
17401
16168
15798
2443
12128
25099
30734
16653
11988
25502
2617
27648
3708
21497
30153
14309
20479
5561
14013
28023
6
29530
28548
19949
3456
20833
12169
25224
1462
6594
23470
30033
10798
31147
31217
21941
29803
7531
530
19827
27285
15226
9348
5283
2611
17768
23583
32641
2936
30770
22836
5053
25467
7429
28184
32091
15841
24967
26552
22930
6459
6960
3188
11756
22970
15498
7578
8805
5571
16255
26273
24681
31163
14408
26304
32215
25831
16191
3852
26237
24043
4705
30408
30149
16116
13042
16851
21430
12363
15721
16905
5501
20147
18809
13674
12708
9080
7277
9088
27640
17697
20319
11872
7763
31122
29282
5204
7480
29640
7009
31302
25961
3585
13378
3399
10913
8181
12637
17867
8535
15242
153
3800
30983
12484
23454
26989
1522
23381
18324
6970
20723
28396
8454
3600
4107
11196
11624
25061
11908
14462
2060
6629
11266
9859
13449
20968
10855
6695
26711
31783
18795
17589
10364
15834
11562
11961
30463
9413
23057
6746
28875
22218
5724
32181
5161
8735
28122
27331
9289
471
6699
10694
6675
17683
19579
23134
30336
23779
21571
17001
32706
10686
4095
23148
19895
18832
11965
18427
11239
31332
5103
28225
6105
6770
9955
1817
16221
31141
14302
22109
281
19852
14007
23501
8128
30690
16830
16000
15234
12443
10636
9170
16486
24273
1099
6484
30736
3685
19826
11844
26776
30584
15461
12512
17871
1636
9969
24692
22571
14530
16476
22363
9544
1169
22452
5143
7205
21391
6329
21380
739
982
17901
23378
23220
31680
20496
18360
9413
12039
1297
4046
15966
3608
10221
24251
19516
456
7607
20572
25064
27676
26980
29015
14969
29805
9520
4246
24674
29551
3323
17317
20745
16479
28217
24158
1676
3658
2634
26717
2718
9493
31925
29279
19711
23096
20989
18821
25719
17597
16285
7746
3293
21056
20635
8308
18769
29966
127
26559
28494
19399
28092
31697
16857
10059
32254
29539
14051
27093
30905
14641
16895
27136
16497
1872
15268
14464
29428
14235
8915
152
17933
610
23729
30550
24722
22025
29913
2319
849
22902
14290
16531
27276
17111
22440
18034
17907
15414
18096
31148
14053
3615
31650
25632
32250
28997
4083
19983
18171
17664
21286
1370
21628
31059
25457
29793
19993
25356
5062
15575
10912
11280
5875
24895
19859
29522
19931
8954
5424
15520
16349
22570
29286
744
17769
18596
28793
26976
30492
27985
3442
25107
11750
750
8235
15395
23234
28509
6954
30412
28508
9239
22243
15919
4800
25443
13439
25258
7016
26521
2041
22487
23532
16692
6244
11892
3618
7917
7488
12160
3984
25558
5943
18550
27071
11986
17219
7994
8775
7809
12518
8872
28989
3979
21827
30882
11139
26353
8102
13174
15283
16096
20409
16247
6730
1279
24460
30189
4817
26967
3750
4802
26865
15972
24537
28553
23397
18258
9270
9557
23466
11961
22368
3468
32138
9038
8385
27274
2785
7000
20896
9468
2233
1905
21920
20796
23863
21652
1167
31156
14875
27017
14167
30783
12983
18190
22496
25753
26174
10530
29778
18740
2716
16978
21366
7485
12816
6050
8960
4015
11338
22068
30264
13954
20214
13821
32483
29153
5463
29089
31185
26346
8835
20699
32093
27021
30566
6225
27391
15996
14618
19542
22401
25242
9795
103
21436
30687
24709
30818
17796
4994
14754
19606
27135
28786
8442
31884
17799
3681
10852
4375
19315
8810
18035
16736
19899
28684
7227
14911
7060
16062
25760
4769
10086
8603
14242
27905
21661
29515
15308
21508
31975
14358
4002
1280
20731
19608
26696
18233
21828
9606
31098
22957
1975
1431
21372
21026
25418
20360
22817
2785
21891
26634
16913
19159
17130
27390
3699
27854
25605
24425
1303
8777
17039
1363
7553
2203
319
6024
19919
7271
21248
7106
26387
28228
12882
3684
11126
29525
27605
30010
22649
3358
13015
16097
4074
14231
17762
7813
22786
19663
22826
448
3226
26658
18528
25324
24088
16733
31790
11736
7944
18818
26125
22385
26701
14508
12159
31025
28760
16043
7459
30858
27186
20662
23673
5541
18174
2347
13891
1559
676
17908
17120
17529
18783
20170
18053
19727
23189
27986
25677
7272
16565
6835
22480
23739
2174
26184
18459
7595
1880
30469
9370
28292
29944
3563
29037
8941
23815
29523
6314
19693
31654
26896
10013
24635
30644
21874
28844
4416
5395
22643
32731
1368
28911
2157
32554
31585
29412
9665
14208
29366
10532
29742
2283
13831
11293
400
15041
31126
16038
3343
18479
13364
19761
30954
27006
6459
6482
32452
12705
13042
14882
27443
882
22649
31001
5268
7921
2344
3430
19665
26121
32046
9806
20281
15536
25327
23860
22502
4909
27444
27072
24843
30255
9282
4189
12900
27984
4162
238
25059
843
4243
12205
12064
28216
27499
2157
21110
13210
22227
25557
17567
17152
14909
27050
28298
9376
29286
20646
16867
12346
26415
18899
26279
10369
28432
6639
19841
9003
31054
21899
17558
31006
3566
12570
696
6002
28985
22782
24495
26213
27683
30711
12293
30368
17593
744
28245
19809
7784
9332
23482
1750
10131
5429
13212
9063
2374
7895
15739
21771
14697
22415
14208
6982
1355
25028
13374
4609
1136
29680
11189
9168
26746
24910
31093
23916
26298
8203
16134
14647
26290
9792
16862
4188
25950
14894
9202
26046
9162
437
2929
20725
31991
2586
26542
14944
2346
14875
13752
1063
31395
22274
28405
1232
8781
12549
73
9264
30732
8083
29268
1583
20280
9127
24385
30269
732
30210
7411
8821
25271
8088
21557
22792
6862
25033
28867
28514
6108
19077
24897
5069
24025
17968
26629
1255
30388
32693
30606
6819
20590
2143
17608
23602
23266
12533
5498
11464
10620
8516
1267
3266
9853
32619
852
21518
29285
16420
23571
11470
4840
491
31101
17277
23888
28963
24076
25571
5365
19171
23876
20541
6356
4090
2668
23784
3278
28090
6447
26561
26171
19315
8014
16683
13367
19702
18063
16798
2816
16714
22599
14247
21852
17810
19506
14498
9610
9577
6003
14149
28869
18709
30613
21864
25485
15801
30820
3796
380
25373
12116
32594
12349
5884
12237
28356
25097
13382
27629
31368
8971
20615
19363
15721
28236
1016
19841
21349
3863
30073
10984
21736
22399
25539
31012
12957
29610
11920
14285
29786
19193
11356
7117
18696
11483
31354
7675
24246
22491
1514
12573
25101
23639
2205
17079
31407
11263
21802
15131
19703
21579
14147
906
12514
15086
32743
18796
17837
25909
605
24131
31997
6031
1934
28259
7328
2281
26937
17148
30697
18707
6312
28337
14583
16298
29779
26753
5977
25939
6479
32222
30151
22352
20710
17922
24602
4779
8641
3635
4579
20114
10904
29407
13264
26794
23677
8583
12583
8349
18502
3708
16064
2889
12443
18960
12476
6629
12027
31341
27934
272
24088
9933
1978
474
4242
32085
14279
5160
4129
20519
16663
28298
32253
8800
9888
20382
21558
30554
19264
30654
14308
27130
18517
21331
29039
7342
6279
21285
30842
10232
7378
3105
22661
5925
3750
8043
21800
371
15594
17298
32672
9723
155
293
21705
15788
8624
869
13833
23914
29403
11439
1862
19318
22576
16567
17422
23129
30033
29725
24922
213
17550
7702
16656
2869
28732
7233
12050
8075
9956
8089
19156
29271
4908
13599
19905
8563
11829
12819
32534
712
2004
12522
14608
20311
12329
28213
30628
29510
15374
11023
21544
17494
19930
6431
27313
17473
2212
17339
20802
7522
16456
29013
23398
8901
29331
2534
14665
31328
17092
18489
13744
9168
30770
20282
14948
19319
28583
22488
4402
5459
25689
17726
14785
26010
2278
6952
7297
32229
27852
1135
30994
29181
8098
29172
8264
32371
6396
16948
21940
22227
28631
18783
28935
28435
30239
28971
14939
27981
31523
19394
6965
6973
26767
16270
16263
7771
17416
23884
25906
23241
23615
20626
4253
15408
30490
32098
2050
29086
13996
2551
2089
18754
4109
29594
15112
13386
4767
12019
20960
31006
9769
11620
31688
20376
13920
29666
21199
1850
19972
2635
24503
25072
21871
14065
31213
23417
26332
9247
14894
14775
1183
32511
22763
2790
27146
14391
5068
9580
31071
21565
28854
9778
19861
24938
27682
11020
14278
328
21931
7870
24636
19738
573
20727
8013
16799
4996
17439
30372
1799
14365
21310
25015
15778
25943
27829
26131
22052
15875
18330
11524
26831
16668
7455
29023
5561
25455
1961
16507
8937
3005
4153
20083
28420
22721
5086
16361
7454
8592
7282
718
5949
18547
24043
15891
17155
15130
22467
5852
11261
21528
21280
9498
31659
25349
5920
18549
7283
25149
5827
1475
21577
29873
17683
7756
19665
12352
6794
10064
6027
28113
11189
20556
25552
13114
19871
6965
20273
31899
4745
9892
30035
5040
16882
10290
23294
10484
15945
939
14836
12617
12203
31370
18907
12228
6883
28606
21180
383
8932
24246
9921
16841
3540
27848
7642
23069
22361
8507
21963
25995
8423
3443
19805
14408
32464
20729
23028
23084
27903
6739
27577
30095
21771
11216
27497
27998
28217
22354
25568
21556
14104
19369
4644
23554
10170
29339
12962
4181
25523
11651
22330
7185
7538
10080
23761
13807
26223
6578
27897
10941
5510
11103
8050
20651
19740
11958
18936
14843
29939
13947
32421
27161
20972
869
23134
23275
8662
23812
6047
28463
731
886
15939
8968
15906
4413
25553
27972
30343
27382
30665
28202
17512
32675
3436
32061
6873
26558
13884
6620
14950
2251
17136
24206
28648
12207
29211
7533
4753
32142
29770
19368
15368
9765
13843
22868
19460
7675
25818
11130
20764
1515
18576
25783
20841
24986
5282
28262
11674
31905
31400
13349
138
22198
18714
23878
9593
12837
799
31329
27758
26483
4582
17674
20584
28266
10670
31488
27632
30680
14990
5201
24728
11614
32386
18410
19056
22506
27713
2493
25199
26212
25390
12786
13841
1645
16743
22275
22492
9460
25344
4466
28461
31033
14617
25375
19453
12640
3619
5979
21749
9640
21703
26272
4427
21648
5942
32372
32116
12349
997
10542
27153
16275
4912
14477
19305
5638
12687
29366
18718
19854
22752
13904
1389
4874
25743
4429
10395
6252
2574
12000
1603
4171
13229
6760
1059
28838
26026
25014
10264
15075
23394
20168
2561
20732
7777
6217
29092
12958
30743
25710
8824
619
26464
24164
18328
27579
16834
23305
9644
25950
10223
2131
23741
10794
10239
10992
7844
29747
18462
20800
30353
19504
13366
4735
16874
25579
6824
4276
496
8331
3252
24226
3246
19904
13250
16418
3476
19626
10494
23113
24446
30270
11681
8510
17685
7901
16836
8670
8751
19925
18377
4590
20186
19016
13617
25802
19466
26420
25109
28127
32100
14778
5426
7368
23049
12602
19262
17539
10800
14479
19542
28951
7904
9992
29764
23808
4921
17302
25085
29353
26815
28775
21392
23522
30612
25511
15097
30039
23508
16302
18121
24314
5380
7589
23251
31024
11529
3885
23349
11364
24432
11715
18015
27804
5467
32311
23175
19815
17166
18004
2800
32098
8219
30762
25785
15631
31403
22317
21878
18168
30636
16461
24039
11022
18093
11014
19860
3954
19885
22229
11992
24731
7726
15764
22717
13298
26844
32571
2543
30494
352
20497
30627
10052
27566
5653
29226
24953
6524
7884
8880
18757
6005
14391
27951
14883
22919
30450
5382
25734
8258
27350
17254
19498
4247
18524
31094
20571
3117
6637
3087
11837
5072
28442
23554
12553
2292
32218
15382
2971
21881
10482
18693
19739
13818
28114
24821
1951
5346
25525
29285
3802
17129
12994
19968
14169
71
17685
29410
1056
22393
17884
9453
13164
26716
27850
24058
1091
31723
21256
24603
7426
27231
27125
13755
13356
29333
11388
31651
29563
913
11750
27833
7018
6091
11405
22876
4422
29989
27869
19424
15430
14121
13472
30514
8069
27443
23280
23180
16044
6479
28540
26687
32496
23402
18710
18092
25639
18512
11353
17781
4656
18238
28169
6265
15609
20985
12893
17156
27129
467
7940
20238
2615
29997
9589
18800
18637
29637
28364
10087
28434
17352
26213
4743
28398
23762
25188
32645
20099
20831
11806
24509
18467
32663
29495
12157
14959
12031
924
14955
17697
13391
14555
21886
28428
710
30776
3564
13034
25028
24436
22768
10810
3611
25555
9503
19962
29343
4582
31607
21330
30297
12569
15033
5981
4417
31774
8956
23404
1096
9794
16771
31038
20095
21377
1036
22816
30150
3175
10251
8176
32756
28545
10026
4348
20675
11970
4193
25080
15721
8322
29329
29483
29510
5812
19541
5276
13216
17061
1062
31030
29076
2050
15859
18450
482
9444
3471
839
8852
32604
17357
28493
0
7214
11630
22682
27439
31721
18295
21820
13569
9155
23811
9546
25752
11500
16126
32671
14086
22361
3629
26604
26689
11515
10915
12258
967
48
7220
1392
16956
26658
27546
964
18898
5742
20293
13610
12153
8618
3326
3954
22321
25848
18763
26058
6776
16162
6611
29112
7294
18881
10616
29482
3661
7682
20001
19940
2423
749
5645
5547
16338
2750
340
24587
20409
1222
25020
25418
24322
94
19790
14323
11677
5200
12325
14465
29230
24081
19183
17900
23329
7227
6992
25994
4974
7860
6056
11563
15560
24329
31607
3939
15365
30662
32091
31873
10411
22258
3279
26006
17488
27670
14121
458
26077
31906
8387
28562
6548
31183
17016
4165
32401
23561
22697
29915
5672
32222
6174
8761
3427
17198
21377
17280
20378
1464
4148
25080
21313
10502
10486
3706
18295
22190
295
14737
26923
30716
24005
866
376
18840
22709
25114
27651
24010
12629
29011
26764
3115
29005
1804
9694
3847
22123
1438
5907
29527
627
19157
5148
9443
13599
1524
29773
32665
24193
29193
8229
26537
19731
13391
30367
24397
1116
8355
32716
2587
17238
16927
25032
25654
27945
20564
21094
13297
21884
8465
20431
26326
11946
20331
1507
26385
22802
12638
10497
20639
2253
9291
373
31399
11087
5746
23460
20596
4085
25720
27818
8952
21407
4806
14103
30110
32249
8560
26362
27330
7519
25298
7959
29172
12527
31072
22685
16879
10336
30928
30693
8045
26890
8450
10447
18969
14484
2119
6011
8131
3259
30480
2128
6817
21074
28885
17661
10353
19855
22990
10826
10051
3421
3837
22499
19852
15662
27123
2962
15221
9550
18954
10624
25264
18227
13046
1330
6272
18326
32228
17392
1249
30088
34
13340
32468
7763
7826
23282
7366
29862
4195
26744
11810
7982
19491
13612
13329
11039
19742
14387
19337
22027
28256
4373
27734
18445
9572
18404
28046
21704
17776
3599
8702
6946
3325
4669
24595
16423
28487
18202
25378
20316
1357
18625
23010
17304
9291
30935
12586
3063
28910
13916
24723
31434
2359
10394
4985
25461
21762
3399
19148
29164
21331
29551
10072
29068
23045
22320
28669
5980
32155
11335
28915
31126
12620
16081
23627
28818
16830
6942
28752
13113
21758
16554
3375
22243
26645
30934
6335
11697
925
22458
25520
12778
6130
14314
24010
2267
31409
3528
31944
15323
453
101
5100
26619
6402
2470
10112
4340
20521
17082
15915
30147
3244
6753
27708
11778
18252
16786
23372
3736
31258
6914
15724
1115
20234
16354
5350
11625
30152
24559
3301
24532
26458
1353
29599
5268
11248
14433
8876
22123
20378
969
17858
22776
6793
497
10544
27347
27811
14537
15133
5553
22891
1791
22153
21818
1536
26100
5389
32389
4821
4417
854
26629
16244
24176
13004
22787
9792
2275
15079
20852
14614
20164
1315
12677
8871
16887
19053
25615
21411
2977
3523
16326
9668
20181
12432
19918
30392
26964
10852
15511
11900
4997
13428
27956
12915
18789
11658
27285
5068
8657
2969
1627
1715
3133
13132
6785
16284
8084
25084
29784
13261
27683
21569
26040
17388
21821
7766
13896
1261
29547
27938
25913
11414
26133
29552
31355
6038
11713
12602
26665
20548
15155
25633
3494
16865
3102
21088
2638
26012
20298
11625
22436
16127
27307
8591
32758
2084
26387
3800
22109
28805
9619
21628
1648
7605
2073
7732
27350
19958
30053
25629
30324
5340
21686
4780
24737
5119
2897
1990
22685
22580
19198
2668
14835
1042
6952
8820
10592
9987
25409
1964
13324
13280
6181
28910
3315
19016
30573
728
23240
10029
15632
4715
6339
31143
14114
10285
8469
10418
15805
29685
31906
20955
17926
32339
7063
32321
10128
17851
2177
23500
28346
4589
10730
11871
15587
2054
23801
15978
14925
14582
7908
17509
2302
19031
19782
19169
13806
32665
3546
28831
13657
27654
4204
26331
2647
6282
12388
1759
4699
32199
29957
29891
18936
30456
3979
18128
29057
31438
23446
5736
29119
24790
10566
9798
15950
28715
9206
23660
11078
21445
7752
1294
16650
12468
22731
30005
22096
13694
11234
27621
20055
17427
6902
8005
12322
26701
24771
31369
15934
15344
28138
21095
29577
22511
2441
7438
26574
20264
22964
16917
16906
24953
12823
16593
281
9247
10140
26474
23189
28327
5270
16089
20543
26570
11216
9212
5767
1122
20942
24758
29353
28720
22455
18139
1483
12108
25419
29361
25062
18993
8427
28606
10398
12835
12842
9551
13484
24175
31165
31240
13241
30525
27299
6667
19258
8715
19542
23538
19549
17010
15619
9204
32449
29884
10543
5347
6728
15645
32263
6315
2749
23737
27697
18982
15061
10326
24409
4798
752
5087
7136
18516
25727
20065
1784
1685
8930
23251
16589
25530
13749
12206
22844
30449
8705
22951
8132
1455
2416
27179
6308
1923
26384
26679
20340
31503
2098
4530
21707
30361
18104
32305
10340
22668
23290
31790
28284
4157
14882
20137
22616
23934
17372
15115
3170
21257
2697
1102
437
31297
27528
29265
1800
7799
2503
27435
17485
10585
14933
29406
10606
20208
22703
24249
14429
18559
17889
18204
22889
7314
17433
1536
28421
31636
17829
26356
20431
17610
13150
29000
18267
4330
31475
2497
23908
14261
4511
28091
5215
26959
7848
4513
5906
5201
27968
25346
5221
4750
27091
13139
9465
17337
18617
9101
641
26400
8761
27551
28822
31764
3098
23287
3939
23723
28117
2075
9815
9259
20305
13140
5426
31
24423
10799
27065
13304
18238
2797
17371
24893
21006
12721
12064
12057
4833
12558
5380
7080
16958
7517
16980
12599
28264
10279
12643
13183
11176
6285
32758
3153
32617
13477
31723
6788
30630
8149
30401
16572
25439
22119
24958
26862
26857
26435
21424
19508
29105
27402
10645
11393
10226
7024
24167
16334
27645
13177
28506
4026
11083
29781
15292
24720
1215
6351
3637
27510
6118
11820
13827
12592
28975
17570
12416
20405
8716
30459
30452
17178
29881
4471
30455
25527
20194
16463
9583
14511
25462
14640
16741
26440
25661
10626
190
26472
32404
18056
16096
12561
19277
12843
10298
4685
24638
1880
19731
26103
441
7983
23791
8529
27486
11252
14107
14986
11895
6922
8589
4363
17649
22396
5679
25726
16905
9206
4512
2532
28030
25762
8165
17645
17064
21118
22421
17524
24706
26450
2765
26043
5568
24926
28684
9026
3361
1936
19569
22528
22430
2683
28149
30406
16180
11487
1632
7834
22334
2286
23934
23603
26263
16703
13790
15938
12055
18285
17823
25559
24786
13678
27722
31662
18318
12351
14992
8389
12617
6462
22680
10600
25891
15607
15037
14525
16545
15508
30032
6660
13921
10272
16167
7987
18673
11840
25281
12331
14311
2646
14499
31129
24673
946
6531
5290
31622
26115
19381
29776
14120
7718
32129
13478
30919
27117
11581
17826
24845
6327
27018
4288
4461
26441
31671
3766
18408
22015
12443
21499
5872
4596
3517
1502
21128
7878
5151
9109
14715
15755
9628
9507
8715
23383
7877
12100
31525
30934
30087
804
18737
15811
3054
14203
2481
25929
6569
9250
30004
1361
25940
348
20650
18876
8468
25668
6629
24417
27100
29893
23537
4329
28936
25964
29914
11054
6853
10447
19612
12723
31094
13627
7452
8286
29641
133
558
6941
16138
26059
127
27109
5408
9973
27261
24754
16750
21844
12847
13747
3460
18583
6733
25927
15412
6327
21482
5331
28003
25214
6709
18151
24674
10536
27048
6238
5740
9155
4212
31244
3128
836
12354
4817
9751
5892
8556
26723
4236
16599
25739
31476
453
13454
6988
19471
17868
15269
29768
4803
19132
32089
8708
5726
15525
1080
28627
8396
8422
14729
7551
30924
26254
20792
20430
32323
30910
8365
13934
28057
29442
2221
32528
10882
2986
5011
18290
23286
21687
5989
5431
29134
11278
28990
5426
4075
21147
12097
26361
21079
29000
10150
21345
30938
20134
917
25818
22353
19994
30975
7969
15743
10975
16391
29265
24369
10301
21277
16561
16975
29251
23678
7362
13858
1223
28430
25264
27260
23955
30551
12360
20508
27055
20661
15498
8302
20844
4573
26346
31387
23155
29166
31259
24265
25211
15295
25980
16165
30420
1229
30261
29488
7261
31341
26113
13328
1202
5727
19942
32407
14792
6181
27245
14396
12063
22729
20848
19558
26849
2362
9022
5506
27338
24712
31075
26711
30674
15228
1842
16658
20086
21
10107
2159
9378
13280
20501
23826
5141
28602
14280
6996
25716
2778
17870
28712
19363
23016
26293
1376
6023
1788
7581
12750
10329
22900
1835
3804
24670
8892
5446
15074
30032
18124
18479
29228
5855
29867
29204
25430
32733
15817
11099
5879
8425
17565
20210
26834
15156
17697
6507
11855
28419
27961
10561
7725
6921
6325
17396
13022
23019
25404
31883
31251
8011
23591
30736
21460
29757
19747
30580
6345
23808
11621
1751
19848
11815
21567
4105
2202
12374
24145
29944
30802
28303
10619
4608
29524
18959
20284
510
1654
31804
5000
6897
28115
31558
10074
39
11571
2372
5365
5726
30434
3634
26400
14531
11604
19590
13425
10625
4284
11636
31844
27769
19278
23430
32294
22667
31246
3896
30438
9516
24508
22265
19196
5378
30477
16477
12685
5983
32478
18536
9665
32257
16195
20433
27091
23575
9776
22876
11455
26910
8261
8762
29121
32719
25916
12685
32757
9675
21780
12911
4551
7881
738
7460
17266
8894
1107
1930
5993
8020
3359
25912
2851
547
13641
21518
3289
30877
3072
20351
15417
9423
12914
21792
5936
2838
24385
12142
4769
17696
30969
26786
9427
18496
3394
7407
10044
20813
21630
17552
28509
3210
4639
29683
29841
14103
2103
27097
30093
21354
15439
20357
26483
3267
15600
6153
14851
22673
1120
29193
28010
26337
27245
7124
27325
20538
15192
2867
13545
18484
29376
8822
14404
6271
30388
2569
17001
12686
14486
30044
15037
20474
13428
1435
5783
26252
32316
29502
14946
27908
21881
16274
4332
17684
7857
24222
15057
19166
28576
12588
22274
28031
29147
2762
21078
29351
23532
23211
27250
10699
17094
24354
21310
11851
4970
4165
8964
16978
23228
4257
2371
16460
8767
6183
23097
18031
19462
15117
21049
26763
24043
8764
4195
7109
14389
10041
26752
4372
5259
26537
22130
26584
8715
13811
25487
24220
27374
21007
14154
30510
30693
19130
23113
2501
28984
16807
17294
717
1783
1834
19847
15760
16132
11671
5714
25449
19388
27185
31200
29122
6740
1731
26043
21230
17655
25976
27600
11385
8146
8689
2129
9542
3115
2974
16082
15560
29672
20071
6097
4361
29823
11501
26235
12363
4024
6333
5506
7181
1482
15185
29622
30637
16699
22291
31856
12632
27884
29023
15544
4422
3945
21621
21754
26842
19685
15133
14631
30342
14909
23389
30133
22360
24056
7663
15545
541
5848
23780
31456
1058
31935
26209
27622
25461
2476
31331
20083
32025
6486
3407
17734
6117
26874
29010
25776
30588
21536
8183
29911
20453
3897
5575
25654
23917
30546
3376
28961
7870
21088
16626
1328
17944
2146
19719
13869
727
27881
19384
1461
7146
25105
29780
5073
16672
2497
14362
1431
628
17894
14076
7056
27272
26169
10346
12116
28352
30717
23846
2838
23630
456
7826
12507
19012
1492
29422
2679
18467
21749
17949
31614
10885
4733
19934
23799
812
8184
19519
4678
15159
13364
29854
4407
31249
31515
12337
27731
12700
17374
1193
31241
15218
20775
26823
6779
23958
3727
3206
18251
18436
18506
13977
8263
24056
25606
27071
7650
7350
14703
23378
7931
30293
19979
22170
28020
4072
22424
10646
25930
10322
3492
10126
27788
16618
25852
22215
7113
1177
24988
5368
19644
22435
20048
25577
928
10340
24830
11417
1069
16362
16767
2192
10516
10454
7831
28737
25659
20785
28355
21694
31735
29261
20980
133
28749
24864
18687
3888
18217
22557
8255
13504
31618
23577
9502
19140
29465
31020
19073
17070
17222
10931
5970
17287
29602
2938
19498
25011
20004
16390
11610
31943
31970
8919
20033
6251
31484
28918
29199
3905
31225
2766
27540
22393
29964
11756
26419
23529
28479
4390
27244
14496
17527
4033
31783
29621
27452
26389
8502
14118
28553
8136
5947
25182
25504
21499
26343
29435
20003
22203
8437
1610
3355
29457
21510
18009
21419
31402
30392
4814
20595
32391
28047
22714
10146
24824
8446
8722
12947
6379
7272
12320
5156
25057
32327
11790
23578
29656
9054
2680
8212
703
15211
17711
3037
8930
6423
24021
29856
14525
31705
4940
3811
24102
8170
1779
29048
18664
10435
2553
21379
5239
20703
31912
8993
22336
32111
891
13798
20775
6832
16376
11608
3878
25253
12529
3772
15957
16700
6976
18660
24670
11337
32694
32473
30606
31675
19988
24017
31896
12135
16546
28918
22109
29010
1724
31984
24936
15764
32357
21240
3855
8366
8794
28467
18728
9309
1029
32458
6441
5579
7423
11234
13355
16654
20043
6719
27830
26984
18608
26738
14871
24048
29666
30436
17821
18390
13875
23026
19025
9665
30709
24111
27545
30380
11884
12241
3899
5815
5870
26639
7584
9967
15227
9648
31073
24597
31643
392
12040
27393
27515
17957
17138
25801
20320
26752
16261
3027
2569
26348
18941
6888
19180
21805
23219
24687
8084
2897
32026
22561
9873
27788
20603
12986
22559
9626
26028
30739
24022
2426
20618
15142
19761
7897
21251
26274
6406
20207
12266
12127
27881
1985
18069
26546
8766
28084
18432
7460
20181
31823
30109
8689
2470
15368
27555
2771
454
19951
20261
31236
23626
21282
14549
1286
6586
7326
24750
4435
18643
513
22286
18763
3208
15681
30135
6629
32624
10398
15103
25492
4139
1089
8238
11734
31664
8996
7541
9494
16284
26482
14806
30007
20075
20459
28960
25492
14220
13357
29104
4108
5609
9765
15981
31948
2001
7636
27693
18403
12227
16692
21378
5848
94
11806
24509
12882
20521
15504
20936
24090
4042
23379
5494
21065
16611
5608
16173
14917
14607
7754
7707
32382
9054
5746
5123
17524
1470
4098
10632
29638
32388
12201
7438
14518
23741
32277
3817
13863
18271
20507
6762
24840
15257
18923
31105
12428
3071
22624
12654
24587
14046
22557
25556
1243
25685
20137
17473
27485
9242
7766
19166
25345
15740
26253
15699
20806
10393
7361
30797
22620
17789
13412
31953
14955
24375
16324
11693
10112
6293
11759
21888
9827
10310
8547
6403
15103
31851
30373
23269
28145
4783
27449
4906
29945
20795
10342
2722
21615
21560
2340
27743
25984
20316
27231
17874
15379
13247
22982
17695
10854
26670
13506
27793
28222
21268
25172
22848
16443
29343
19144
4645
23516
3190
9724
25589
8070
27371
24744
9338
2308
6659
16428
30377
8458
32313
19123
12558
26445
4670
21341
25262
16809
12285
28192
10041
31459
24671
10580
16295
19468
1230
22857
19763
13428
7547
1878
19422
10624
30805
11150
3321
18937
23998
3490
27591
8361
23844
25739
14823
28338
25250
24834
18185
19116
14636
29601
20663
29169
598
13880
7945
30613
18375
23644
1820
8308
20041
6874
29403
6138
7412
28032
32022
17080
19378
21266
7417
19475
17733
5740
10569
20411
22063
450
18810
22454
5555
29406
19935
1743
31572
3827
26889
2530
4742
2625
322
5762
6349
9600
3299
11440
2250
18207
2039
14949
3525
5314
10720
17348
18061
16031
5603
7634
24559
32343
6189
5891
6070
7622
23801
29076
1333
8225
32031
21526
158
12992
18347
18124
25418
2892
23762
9393
8610
2889
27494
17911
15167
28543
4404
7038
21712
17230
13761
2748
4468
2597
9089
18599
19422
27664
4326
12256
29480
13300
26304
9236
7012
24513
26774
6122
18604
7454
17085
12454
21455
29069
18985
3743
28529
7911
12883
8526
27759
6654
10617
16483
27629
25755
25625
15783
2207
18953
28874
23489
29048
9129
28606
15564
26405
8398
718
11726
1763
11483
13693
22878
7884
8733
21285
17045
30268
22109
13532
8083
9773
16369
5945
26925
26465
20420
21877
15768
14188
21267
20911
8033
16024
30235
16053
25194
13186
3164
27083
26635
6761
11695
30908
3372
16754
10455
17903
13655
28866
19180
13632
21767
31416
5912
19739
20754
10695
8146
16273
20825
5924
5931
7259
5989
12466
4991
12641
2084
27362
4159
3842
29637
32308
27058
226
4845
26248
1241
2064
12139
7075
9844
19927
27937
32723
18204
21182
32755
8525
20451
17980
32178
23969
26174
1974
6624
27461
18461
6500
26991
27539
25384
24013
2357
4130
29620
2270
22730
12730
29031
153
16386
12015
1876
25086
8127
816
16038
21511
6207
21874
29562
8626
11892
22930
18928
7968
22234
26518
23431
32453
8121
24546
20786
9937
30673
720
388
1361
20014
1754
8915
10034
32217
20082
6836
12972
4415
2413
25350
5212
32037
2439
1906
12432
23761
23735
18631
17438
26512
8244
24870
7696
26684
29299
415
21072
1498
23847
11100
29434
10122
8237
18280
22779
7600
31737
17295
6618
16003
13852
665
20632
26729
25057
12750
32459
24734
30328
24947
4989
27985
31494
23171
22430
8768
418
14121
23464
23494
31482
14131
3243
21988
2558
2658
18760
10663
20823
27155
2254
28300
2988
5192
16646
614
24608
10537
31048
25383
31986
21567
18686
3072
7233
26305
21115
27589
25768
17601
5448
8999
13040
14100
2742
10073
4051
22502
8293
30266
7308
17981
19915
21887
25270
297
1
25708
25155
12698
2657
8052
32406
5858
23664
8746
13602
3748
1716
14765
17776
20154
31917
29057
19151
1686
19355
16679
23658
6852
1726
24279
7744
11999
20501
9241
23900
1844
12658
26392
2367
10321
6577
12007
3471
6553
6616
16708
19709
13316
20309
15338
11289
25131
10114
20810
2974
30465
2852
4884
526
15597
8056
13485
32092
28466
7562
13425
4805
5192
17800
4371
21887
20563
11084
8964
7521
10334
3839
4392
14668
27772
12519
31206
23974
22125
23285
4700
27148
1032
19258
2872
28741
24117
23891
19539
20268
32063
16936
25311
14328
31611
2128
1470
1069
2274
12611
24855
22385
20133
30954
8614
26879
26690
12348
8071
21385
6582
24470
9701
8121
4750
1126
27678
9578
27377
16840
13383
24121
12594
9674
474
11321
13528
29453
444
691
14837
15121
31851
5102
32001
24911
16031
6674
8510
17792
29573
5371
27410
2064
22075
21239
26112
545
30329
4668
16737
18499
29386
12806
27790
6220
17540
3343
28120
10000
26571
20310
12870
13891
11437
16488
2610
16487
21568
24917
25007
4909
25191
24093
13630
6404
6079
3448
7143
9916
30470
20758
30312
32065
663
21794
13860
2728
149
30473
16049
27040
18270
31269
27934
23781
8338
25568
20007
27696
28929
7316
29166
27620
23723
11680
20238
23156
26705
25322
3993
10892
24908
21677
14705
9842
544
28042
1869
21154
32655
23848
6724
19035
8585
9184
3277
25117
14010
304
21630
11792
32056
24005
26310
24871
24654
6988
11994
25543
22670
23755
27311
25874
19494
3598
28970
29138
26949
22419
31172
24513
22504
28355
13888
120
31162
3984
12986
14366
3931
11553
16339
15450
27498
5003
28677
31018
32577
17670
20180
14649
23130
23841
16541
24588
6003
10875
17820
17043
28571
3913
29309
31080
28352
10165
25200
15584
19301
24775
4231
31304
25819
3163
24203
880
30575
31175
4585
307
23016
8420
6997
1733
25513
14732
17001
27440
12386
17714
17836
3906
26126
19666
5869
10583
7618
20077
9183
2973
7163
12452
28291
5493
3497
6120
13537
29092
25785
8952
2045
13235
13833
4285
9574
15476
536
30408
18993
3479
8132
27977
15196
6373
14315
16964
11947
16016
2560
7191
9913
18622
6784
8768
4219
11915
16457
30143
1517
20628
26009
30209
6170
32228
15155
20359
7200
9258
22407
24721
4363
7709
10908
19941
13483
31108
2275
16209
5962
11020
2427
4654
5138
25043
12004
11830
25191
31425
31086
25196
23262
28397
23256
970
12480
19115
6407
24614
6696
23856
9708
4195
13428
20098
27743
13685
17685
30590
27348
16369
31515
31499
8693
4572
28197
29939
30988
11294
30577
24065
25243
17523
24494
17468
13622
8290
1353
10689
21362
13574
32042
32461
9109
18130
22097
23133
22659
8193
7932
19690
17530
25907
16100
4893
5697
643
11116
11949
13653
1918
11324
22229
5414
16540
7654
974
32434
7254
7020
10590
10041
2490
9462
17803
24473
30782
32022
3117
18022
2918
29742
30646
21392
14685
16373
9715
25322
14408
5015
14205
17687
1596
11776
29888
1799
24895
10265
6310
21715
21916
15544
15725
4508
23104
28046
24820
13449
21245
25500
31390
3630
24809
19878
8306
13659
25913
17602
12036
11956
21161
11423
4551
10188
9904
22113
27487
20728
23088
29711
6257
10814
31804
1081
21166
25568
26687
21849
26123
20883
24700
944
22294
1420
15366
4517
15337
19067
16257
16075
32477
26637
584
20987
22585
28204
11201
26705
16093
9168
22322
10392
31153
1366
3946
2063
23085
1070
4676
10819
27215
991
764
12541
13522
26116
31669
17875
13365
25422
25286
27200
25233
20098
26432
17030
24630
25040
14090
5084
22830
17469
28771
10087
10950
22154
26127
5824
25624
13917
26384
15688
28942
14150
28147
261
26717
9994
32115
7019
30676
2438
21342
8619
11168
29320
3013
409
12046
28676
30626
25571
15020
26835
5337
586
25003
4538
2696
20868
26546
21550
28641
4280
27336
4002
19919
3378
30865
22573
6938
948
16666
18196
9227
23407
18636
12861
10001
15548
17090
3055
3243
26172
2733
16945
28227
14473
2003
934
26397
14557
4948
32447
9789
3215
24408
1989
3236
8415
3354
26057
6187
30774
22586
3422
7924
20449
4871
9897
19543
17315
1196
26974
7379
28245
6849
26990
15149
3755
9107
16245
31328
13073
21494
10640
770
13915
1757
70
6056
24427
14300
15987
28658
8311
15438
14833
32673
16403
17480
12287
11732
17001
28525
21579
11969
21739
30216
18535
12776
20430
25340
2816
13901
12316
19123
1235
11108
2488
5305
29256
2389
22205
25203
15891
9734
21559
26288
22413
13775
3811
27002
20973
4055
21511
11271
29119
931
29282
6265
31890
18097
26499
25707
9306
25807
1131
24516
20454
10478
16359
7710
956
21916
3093
10356
12676
11932
15149
26341
9754
21996
23812
19850
13092
9052
29117
9677
22173
30196
20845
16690
10802
11808
16556
6562
6804
3771
17647
1094
5877
61
4439
26903
9373
18267
10633
22594
166
18643
25958
25435
28597
25235
14913
9999
2975
17816
1604
2228
7162
31913
12843
4089
28643
12696
1702
548
30173
8525
13410
13223
30487
9366
14290
9827
17981
105
27659
16365
11106
6497
20700
9775
28798
14477
30757
32722
28889
28344
232
19677
17753
6132
13539
26565
24794
10460
18038
7407
19169
25353
21880
15352
16214
21761
26414
22849
14257
11256
27226
24615
10795
20761
31904
8250
1602
16325
21267
8716
25575
10937
14522
14008
35
3588
10307
10559
23719
21944
28510
6497
15735
20622
22833
29381
3753
21388
23663
22831
21847
13582
18999
10058
640
14285
15248
27196
2473
29817
10612
4867
13367
11034
30921
12061
17637
13132
16219
16785
15579
6532
31220
17747
5756
32435
28076
16026
18513
30439
816
31346
11249
25383
31110
20055
3584
29962
18582
18644
2676
15253
25972
30922
3223
27693
8965
2847
20983
5510
18432
3555
8354
18916
4988
19298
17787
1283
12063
30527
19944
3977
18852
15368
31144
12029
9326
23833
17678
10764
18536
25443
18582
9305
9399
6345
2971
24360
2675
5144
11666
31204
15125
16017
20068
27050
4443
2651
9825
13686
26977
29341
26037
15696
4314
16641
1857
3594
28450
16474
2692
22049
17307
26751
23454
10764
26002
7163
2497
21642
18771
25766
1826
11515
4915
849
13647
17100
19507
28813
17258
32287
8301
6806
18990
217
30263
10581
17111
13431
23772
1803
32126
11809
2744
864
18684
30154
21990
2080
12865
2731
8348
6628
8257
2139
9852
10829
16384
31097
26593
15424
32497
3396
22330
27555
28150
32458
25000
6633
17972
19507
17832
13155
10495
12075
27361
15760
30817
290
1371
21173
7339
1115
15571
29415
26509
27180
21965
25783
3989
3521
27125
13045
13367
5875
7202
30030
25
8757
7317
6423
7965
9394
32462
19432
179
14992
27997
11225
12630
16477
16904
19474
15361
31594
16139
9364
5020
11108
3163
3818
1013
21389
28073
8682
22725
30558
19797
4897
26891
25639
23584
8791
26457
15756
24716
18275
24902
28939
11939
22195
9436
886
16181
7415
15416
5893
32144
17526
22996
25980
30637
3310
17499
32741
14446
23604
4708
25042
30553
28925
16771
13537
15715
31378
1036
9404
27055
17774
24000
8155
27487
2995
23585
8233
19754
29282
5070
10669
1164
17749
13740
8680
18844
14812
11323
11429
16278
10101
8976
11328
680
1188
31752
6993
28491
16169
21916
2285
16846
16410
704
13339
17993
4065
15106
2136
30579
25351
14260
4923
6061
5348
29643
9383
30135
21022
23696
1930
6787
31520
9
19277
27176
24411
25568
23354
16052
3078
3028
29144
37
25753
17094
20186
19861
5296
29658
21638
11749
20702
17248
8002
23544
13228
20407
24668
32402
312
29790
17909
27086
14653
7277
2031
826
27488
17159
10513
29245
30991
23132
21195
9679
25916
2416
21714
7628
31052
12833
26243
2025
397
10759
20007
29110
32515
1334
2487
29469
11461
11934
7032
13504
47
26965
12398
18964
3770
23681
16726
5155
13833
23909
31409
31656
8214
10207
9004
1748
6248
16367
20498
18964
22610
12592
28822
2899
24182
5816
8392
1443
21619
22851
23790
23393
12332
3153
25064
24493
31974
14531
4756
9353
5889
20776
2342
7074
27745
19304
21087
7233
30053
21562
26071
23695
14626
22552
725
193
16537
13892
4431
1552
15840
14461
7920
5124
26996
3822
17274
10811
19772
116
26283
11958
2968
21959
15394
31237
31213
10000
25833
29818
2269
16366
9528
23811
21567
11760
9093
17485
4106
29838
15818
22190
4332
913
28316
15366
4753
1185
15877
28145
14258
23604
6931
270
32155
23426
1088
7288
6582
7896
18848
9536
9975
8457
19905
12929
24490
17474
31051
15967
15497
14825
27367
21983
9767
10821
2355
13095
19405
2351
28540
22292
12538
3490
29953
12432
19963
6709
15448
332
12879
28462
25595
6213
2270
28430
13053
5623
10400
7018
2821
19896
26020
14523
27069
13716
4091
19065
21130
10785
23963
25356
1141
20590
10659
10774
26230
3173
30937
23963
26377
3734
20938
19289
30575
23038
22446
23053
23804
12207
13403
27991
4497
21244
29133
6431
17210
15835
15030
22426
12068
5686
24905
20548
31085
31243
30990
14444
22248
11121
3313
6034
18663
30419
6191
15537
496
1370
1592
10960
5258
610
2082
26125
4149
14181
26446
29416
7922
17813
15904
13017
16210
5339
29998
29405
31639
4863
16625
24920
26655
23995
17176
4871
19510
9994
21711
21572
1831
893
26804
22910
10254
27514
20328
18618
28294
19687
9005
14635
2564
26405
24018
4748
6611
14669
19489
1166
7341
6261
27400
1439
19200
9206
19198
27449
19543
3325
9206
8893
22730
21707
31448
32155
19033
11982
11350
30958
27336
8535
24084
5007
7602
6053
2081
8788
12908
4435
30841
4796
24153
285
28353
28615
6241
19565
25782
9795
30263
21378
24880
27331
12229
25877
12552
31195
10737
27550
15
18112
18292
14354
1055
4561
31429
27182
30382
20267
17551
31199
24111
26486
17057
19883
12868
17089
1139
29293
20760
20217
19663
16042
10439
7291
3512
19177
4475
28634
32041
9477
22237
269
29754
1764
17596
14581
14438
25085
30209
154
15992
1363
10437
27408
31910
5556
22593
3935
27417
13235
16419
14426
32686
5343
20617
21470
6450
22564
24293
4300
5025
5406
32259
27018
15721
23535
10593
2638
11498
15016
30863
22451
3399
9062
8083
5564
7759
25
3514
28943
29084
22787
27715
3737
24570
9688
21797
1393
25132
26191
6809
1829
24992
14688
2087
22509
28619
10576
4039
3290
22555
6936
8218
25239
32079
68
24440
14493
13833
6761
2933
6086
9811
32625
10547
16548
30800
3097
28006
10609
14793
9234
19810
12260
31298
17933
25525
6550
16048
17262
15731
8898
3327
9466
16617
20406
8689
17387
10783
21210
9517
21935
26802
4405
21352
16026
14637
15687
7218
9560
28496
24877
15051
22863
21685
30933
28958
4453
20872
30599
26810
9689
22079
592
23557
10226
8714
27646
9134
25395
7172
5086
18390
14986
28627
893
28182
29654
15227
31513
25174
26162
31482
338
19412
7676
1863
20105
2211
23886
29830
29389
12280
10304
32004
1153
149
7253
12925
17626
20705
14949
1363
29342
28520
11154
13106
14866
20385
29264
4508
28349
10707
14484
7585
16783
6875
31780
10611
19974
30811
12860
25138
22870
24007
21668
25132
27452
7107
13297
7337
3715
15309
23257
15266
23260
17513
20975
29665
25781
24235
4498
18745
8352
9405
2798
20484
30040
3933
31825
2489
20973
4618
31269
19370
7420
9499
26821
30321
2443
10211
18031
26364
12970
12683
15068
18384
1043
21294
16230
17852
7341
7329
27490
27048
8487
19664
10942
10334
19840
8709
1408
4991
385
18023
6173
6677
22186
25047
11034
28081
5622
20283
32216
163
9252
11054
18546
17571
29663
26475
4215
18322
4981
10851
12984
15739
13158
10927
16537
6908
28257
7116
7086
27688
17466
11622
20265
7654
26905
21948
11226
31166
25545
15536
25117
13907
7177
28284
32381
11185
19084
17723
24303
10800
21877
11494
19065
32306
7246
6069
31402
20893
19316
31896
26751
29049
2022
9341
9116
7703
7459
18571
20474
17356
31367
24917
14165
32713
13209
2508
16001
1567
599
31129
14325
6889
13334
1393
3260
9101
20265
31366
8758
14022
24507
14091
7689
19705
21887
174
22576
18458
11071
28606
14264
29970
24931
2486
28312
9101
31363
10779
24785
12475
22565
3686
21618
9972
17362
5653
2814
19310
31486
31295
25013
32754
14176
14021
14392
3231
18409
15012
16336
12479
19336
20163
13850
24569
17273
30288
12685
6686
3275
6979
20996
14970
30015
7424
19230
31084
10198
1706
31684
8253
15455
9092
10963
12900
12711
15398
21716
4799
1112
2600
4569
16371
1042
7275
32584
13761
20859
8622
29836
20715
23490
1552
6689
5224
25709
23879
21573
29666
13719
8197
21293
17291
3868
30146
12093
292
11231
3077
26703
14397
20001
13630
15485
20458
10245
30685
4264
15039
16139
3248
22815
12424
20243
707
24443
12540
2718
15178
28044
9191
13186
31810
22120
17092
22768
24519
10703
11352
15465
25685
26052
16093
12050
31332
22197
3068
22024
13256
28265
7592
2766
27170
7859
12860
26993
22365
11091
18764
2600
14957
6047
4139
31161
16184
27332
27910
8319
20779
23730
12916
29826
30870
9543
5521
10235
31362
23964
899
26576
22505
24995
17027
17662
12235
15365
10250
8140
13252
6565
17807
14125
24762
20316
30226
4437
12101
17967
17295
30691
23761
29072
19680
2019
9436
13817
8582
5922
20685
27953
32764
3384
20667
5459
32224
7447
31539
2380
12583
6590
20947
2909
30627
2469
2984
10455
2021
7606
31597
20366
14769
20589
8641
6922
3668
20384
17578
4866
4046
21917
25087
14842
16445
13767
9781
20284
15821
20033
17083
31945
31647
10428
4902
17208
7450
5470
32597
5916
4424
27076
23181
9499
17570
14305
19527
7338
8729
5715
17737
14012
21359
3243
14392
19293
3656
32655
1519
23189
5240
23311
10586
15493
30756
21574
15341
27070
21223
11329
28406
16831
17646
12503
25780
1759
19690
22215
6973
23222
14397
7078
27824
29410
12381
32756
17593
16602
24010
888
25467
22038
883
21728
24602
22033
30764
10821
13228
19121
13301
26008
3360
26361
12152
6599
27000
5024
3095
12952
8745
10656
32607
1561
12575
2297
7315
14620
6667
43
1561
22252
21243
3522
20513
12520
18092
30983
28573
1531
24663
25025
25900
29782
6119
25394
11761
10388
13276
5216
6047
30131
2495
26938
18
31146
13072
15781
12789
23227
26271
16402
14524
29628
312
6169
10656
448
27197
18471
23545
21759
11129
16316
79
19557
23389
19075
30202
11024
11474
14708
26887
13677
4544
12011
11613
3654
24594
16018
664
8634
18889
4586
7337
6464
24575
25747
11614
1584
17805
29985
2008
2232
21017
15681
25200
16644
12557
28699
9203
30950
28650
15965
17139
31418
5530
19361
21468
5514
29225
27933
13609
3172
3163
27221
412
9378
26345
28379
26652
31522
26925
24685
12675
22975
2735
6256
2050
18117
24709
14346
5577
15291
11738
21370
10276
12681
31629
22611
17074
3012
31604
22599
32625
8465
5210
28591
5002
859
6466
308
808
2198
28185
10288
26742
9711
11493
4850
18937
3046
22042
23331
14573
16590
25586
29893
3094
16473
22568
19514
14349
14711
20600
15254
18482
1768
22785
20374
31472
16042
15098
18458
13386
598
19097
18775
6654
29641
13015
27284
22631
30520
10647
21220
17589
18683
7195
19166
15683
13810
3467
14468
28004
28538
17274
18339
17166
15980
29181
30021
30329
25221
4524
26568
23019
23817
29752
14425
21539
25278
9771
531
32131
30032
12085
5767
29746
30727
27786
13008
9267
768
31032
15678
14173
3572
18887
15175
7493
7845
22329
4603
17084
705
14048
16316
22578
7113
22351
22247
23881
27797
949
28397
3361
24022
16376
457
28498
364
5479
13962
5176
23294
29920
5231
14293
10033
3878
8850
32485
27112
21462
21232
19250
19993
11505
14976
24353
26594
26505
875
12076
13434
6737
28147
1878
20682
8463
1904
2894
27270
26609
10931
25481
4056
3404
23628
16247
2955
25547
29884
32300
30398
7057
15245
2713
19067
32201
3213
25604
26340
9744
13417
7392
25620
12048
30353
26863
4688
29050
25645
10629
12937
7427
9607
5709
31705
24603
13913
27661
18491
4608
20424
28904
22561
13123
21796
32518
906
22034
3563
11937
26622
30545
12254
4964
27596
27397
32622
11462
22594
18624
7193
1782
9139
3588
32203
8907
23698
4760
7109
3568
15211
7606
14679
7491
29377
5491
17662
25781
18055
27999
17252
13096
30045
16595
24154
32462
29259
4800
18773
810
29685
21739
31840
26782
10785
11046
5428
10393
25599
6832
16208
27936
5910
22236
7232
28730
26474
17505
5780
24064
21671
29750
17130
25836
11804
20227
28861
24384
6441
5611
6642
2080
22820
8
29010
2169
23681
14036
26822
253
30064
27341
18101
25728
10319
26432
18509
3873
5017
4930
7661
19502
22008
13931
19043
8136
6015
25920
2252
9899
3869
23082
21812
17388
29742
28277
12991
19353
1100
32472
8644
372
5098
29441
3186
24843
3409
1862
20815
4670
31249
12479
32225
4053
5742
14630
8186
9350
17393
10732
15725
1690
13515
1587
17085
9744
16035
21937
16675
21242
734
30994
16440
17123
2307
15785
12984
26281
18777
17511
17421
19044
895
782
3834
20249
3552
942
26707
4818
25484
17198
31611
20090
28051
13507
27607
26401
16785
2679
30369
1553
20567
17149
4793
19041
6024
22697
3562
4651
11843
20112
21137
22653
29003
32626
30119
25503
32272
23277
15039
13550
28884
7947
11979
20424
10007
15235
22305
2676
18222
24668
25746
9813
26760
30219
740
25520
2463
27545
17205
16080
18954
18151
11455
16720
9424
11147
32722
5352
4299
5905
5784
14955
13871
29776
31523
5607
3265
780
297
2329
25765
17736
24446
4972
31750
8719
23148
10121
30740
8329
27555
23812
30350
15989
19450
14706
26309
7235
4740
16688
21273
13336
12638
10839
30163
14050
21222
15401
14255
4599
5762
537
22943
4824
11063
12418
22257
8993
8638
1599
10071
22299
4943
24912
11221
9876
14473
15048
22283
7934
1693
16150
22623
30779
31047
22729
14051
4611
30516
28121
28948
17788
17529
6532
30141
32164
2861
20115
25715
29160
28775
18779
13603
24398
32646
10228
15417
20896
4044
19607
20822
17904
25240
5790
8157
24908
9373
18626
23728
13502
31077
19988
14529
24718
2230
5968
31468
18742
19743
18367
7134
18012
28913
5361
20859
7465
2810
25057
13513
5318
26668
27393
6349
24053
20230
8696
3520
1704
1585
24156
1342
21398
10916
31808
7624
1315
21450
23148
10261
3506
30373
20548
11067
22125
7225
9489
30726
15197
2113
904
7235
31635
5479
32751
8655
1918
29097
25648
17371
31131
22675
15577
16270